0 0.038668 0.116414 0.077336 0.135041 
0 0.248657 0.116997 0.125671 0.124563 
0 0.355532 0.065192 0.077336 0.093132 
0 0.473684 0.116997 0.156821 0.133877 
0 0.723953 0.122235 0.158969 0.121071 
0 0.056928 0.296857 0.113856 0.095460 
0 0.315789 0.274156 0.195489 0.171129 
0 0.582707 0.288126 0.177229 0.136205 
0 0.843716 0.283469 0.183673 0.147846 
0 0.158969 0.453434 0.182599 0.166473 
0 0.359291 0.423166 0.117078 0.043073 
0 0.506445 0.457509 0.175081 0.174622 
0 0.692266 0.422002 0.099893 0.047730 
0 0.831364 0.454598 0.184748 0.171129 
0 0.157895 0.674040 0.234157 0.165308 
0 0.503759 0.673458 0.236305 0.171129 
0 0.822771 0.672875 0.236305 0.167637 
0 0.147154 0.892317 0.191192 0.215367 
0 0.420516 0.884750 0.248120 0.230501 
0 0.825456 0.900466 0.349087 0.199069 
