0 0.043667 0.168853 0.072468 0.139653 
0 0.251316 0.191705 0.108702 0.200592 
0 0.537008 0.187262 0.211830 0.257723 
0 0.051099 0.484977 0.076185 0.142192 
0 0.250387 0.501481 0.134717 0.200592 
0 0.458501 0.498307 0.099412 0.204401 
0 0.639672 0.483072 0.101270 0.224714 
0 0.892382 0.484977 0.201610 0.281845 
0 0.052028 0.827761 0.100341 0.175201 
0 0.239238 0.851883 0.114277 0.243758 
0 0.436203 0.851248 0.106844 0.227253 
0 0.652214 0.846170 0.139362 0.229793 
0 0.900434 0.851672 0.199133 0.296657 
