0 0.084448 0.038046 0.168895 0.076093 
0 0.420127 0.043713 0.080225 0.087426 
0 0.873681 0.053427 0.252639 0.106854 
0 0.078114 0.186994 0.156228 0.121425 
0 0.306122 0.183756 0.147783 0.118187 
0 0.500352 0.187804 0.164673 0.116568 
0 0.698804 0.186994 0.164673 0.108473 
0 0.917312 0.191851 0.116115 0.108473 
0 0.091837 0.339180 0.162562 0.089045 
0 0.293455 0.339180 0.114004 0.092283 
0 0.500352 0.343227 0.114004 0.080950 
0 0.694581 0.345656 0.173118 0.085807 
0 0.914145 0.343227 0.118227 0.090664 
0 0.307178 0.471937 0.187896 0.101997 
0 0.115060 0.474366 0.116115 0.097140 
0 0.123505 0.644360 0.238564 0.139234 
0 0.534131 0.635456 0.240676 0.124663 
0 0.521464 0.782785 0.312456 0.131139 
0 0.157284 0.785213 0.289233 0.132758 
0 0.147783 0.933081 0.270232 0.133837 
0 0.537298 0.927415 0.289233 0.145170 
0 0.858902 0.923368 0.282196 0.153265 
0 0.838142 0.779547 0.295567 0.118187 
