0 0.143145 0.061961 0.286290 0.123922 
0 0.400202 0.059608 0.143145 0.094118 
0 0.886089 0.056471 0.139113 0.112941 
0 0.104839 0.201569 0.209677 0.155294 
0 0.364919 0.225882 0.165323 0.103529 
0 0.603831 0.221961 0.167339 0.105098 
0 0.863911 0.225882 0.219758 0.100392 
0 0.842742 0.382745 0.266129 0.112941 
0 0.589718 0.387451 0.211694 0.087843 
0 0.350806 0.385098 0.217742 0.105098 
0 0.118952 0.389804 0.185484 0.095686 
0 0.146169 0.549804 0.227823 0.108235 
0 0.475806 0.555294 0.282258 0.090980 
0 0.830645 0.554510 0.294355 0.105098 
0 0.217742 0.709804 0.375000 0.120784 
0 0.752016 0.719216 0.459677 0.086275 
0 0.770161 0.883922 0.459677 0.170980 
0 0.385081 0.889412 0.286290 0.128627 
0 0.113911 0.883922 0.227823 0.127059 
