0 0.080000 0.078160 0.160000 0.156319 
0 0.353659 0.078160 0.200000 0.154102 
0 0.633171 0.075388 0.177561 0.146341 
0 0.908780 0.077605 0.182439 0.155211 
0 0.247317 0.248337 0.285854 0.161863 
0 0.589268 0.246120 0.163902 0.168514 
0 0.880488 0.246674 0.239024 0.165188 
0 0.137561 0.586475 0.247805 0.239468 
0 0.343415 0.578160 0.124878 0.158537 
0 0.115122 0.385809 0.171707 0.070953 
0 0.130244 0.885809 0.229268 0.228381 
0 0.345366 0.876386 0.128780 0.167406 
0 0.705366 0.885809 0.390244 0.228381 
0 0.682927 0.600887 0.396098 0.228381 
